======================================= CALIBRATION SUMMARY ========================================

[Bins information — calibrated scores]

               observations  positives  negatives  positive_frac  positive_prob
bin                                                                            
(-0.001, 0.1]        280072     3108.0   276964.0       0.011097       0.011095
(0.1, 0.2]             7470     1036.0     6434.0       0.138688       0.137840
(0.2, 0.3]             1462      342.0     1120.0       0.233926       0.234339
(0.3, 0.4]              139       33.0      106.0       0.237410       0.328706
(0.4, 0.5]                8        3.0        5.0       0.375000       0.450009

[β-calibration parameters]

 alpha : 0.9774991
  beta : -0.9024052
 gamma : -2.518445

[Bins information — raw (uncalibrated) scores]

               observations  positives  negatives  positive_frac  positive_prob
bin                                                                            
(-0.001, 0.1]        192857      553.0   192304.0       0.002867       0.030699
(0.1, 0.2]            40910      528.0    40382.0       0.012906       0.143202
(0.2, 0.3]            19837      524.0    19313.0       0.026415       0.245475
(0.3, 0.4]            12058      503.0    11555.0       0.041715       0.346837
(0.4, 0.5]             8301      476.0     7825.0       0.057342       0.447134
(0.5, 0.6]             6233      534.0     5699.0       0.085673       0.546797
(0.6, 0.7]             4582      534.0     4048.0       0.116543       0.647843
(0.7, 0.8]             3244      599.0     2645.0       0.184649       0.746199
(0.8, 0.9]             1111      267.0      844.0       0.240324       0.832142
(0.9, 1.0]               18        4.0       14.0       0.222222       0.913720

[Calibration Quality]

EcE_raw  : 0.1029
EcE_beta : 0.0001
=================================================  =================================================
