   Session-level variables        N         Mean           SD       Median           Q1           Q3  Hypotensive sesssions  IDH incidence (%)
0                 Duration  28018.0   196.831501    41.447069   208.000000   180.000000   225.000000                   3028          10.807338
1                 Total_UF  28018.0    27.578852    15.681121    25.769071    16.404855    36.214650                   3028          10.807338
2          Average_UF_rate  28018.0     0.117073     0.067627     0.107576     0.069299     0.153383                   3028          10.807338
3              Initial_SBP  28018.0   129.654579    23.924527   127.000000   111.000000   146.000000                   3028          10.807338
4              Initial_MAP  28018.0    89.761820    16.315441    88.000000    77.666667   100.333333                   3028          10.807338
5          Initial_UF_rate  28013.0     0.155570     0.106055     0.135445     0.082238     0.203185                   3028          10.807338
6            Initial_Pulse  28015.0    83.668570    16.113278    82.000000    72.000000    94.000000                   3028          10.807338
7               Initial_DT  21778.0    36.299651     0.576906    36.400000    36.000000    36.600000                   3028          10.807338
8               Initial_RR  28018.0    19.444143     5.875507    18.000000    16.000000    22.000000                   3028          10.807338
9              Initial_BFR  27993.0     3.680613     1.785721     3.236246     2.331288     4.692308                   3028          10.807338
10              Initial_DC  26209.0    13.985056     0.284254    14.000000    13.900000    14.100000                   3028          10.807338
11          Initial_weight  28018.0    86.744592    29.564387    82.000000    67.000000   100.700000                   3028          10.807338
12                     IBW  27873.0    64.364659    11.246457    64.950000    55.098425    73.181102                   3028          10.807338
13                     BMI  28018.0    30.103666    10.837176    28.121449    23.397856    34.363129                   3028          10.807338
14    Initial_Blood_volume  27873.0  4919.023088  1004.404476  4899.174685  4185.543888  5608.770800                   3028          10.807338
First IDH Onset Time Info:count    3028.000000
mean       85.148613
std        54.235642
min         6.000000
25%        40.000000
50%        75.000000
75%       120.000000
max       285.000000

  Patient-level variables       N       Mean         SD     Median         Q1          Q3  IDH incidence (%)     % male   % female    % black    % white
0                sessions  4534.0   6.179532   7.378427   4.000000   2.000000    7.000000          33.171592  58.689899  41.310101  22.827525  77.172475
1                     age  4534.0  62.156154  14.530136  64.000000  54.000000   72.000000          33.171592  58.689899  41.310101  22.827525  77.172475
2                  weight  4534.0  88.791363  28.335724  84.000000  69.000000  102.500000          33.171592  58.689899  41.310101  22.827525  77.172475
3                     IBW  4508.0  64.362357  11.143257  65.937008  55.098425   73.181102          33.171592  58.689899  41.310101  22.827525  77.172475
4                     BMI  4534.0  30.983221  11.355390  28.805962  24.303354   35.033455          33.171592  58.689899  41.310101  22.827525  77.172475
5              AACHARLSON  4534.0   4.774482   3.186208   4.000000   3.000000    7.000000          33.171592  58.689899  41.310101  22.827525  77.172475

IDH Onsets per patient:
count    1504.000000
mean        2.013298
std         1.947709
min         1.000000
25%         1.000000
50%         1.000000
75%         2.000000
max        17.000000